epoch	loss	acc	val_loss	val_acc
0	0.7580196261405945	0.5799999833106995	0.7116450667381287	0.47999998927116394
1	0.8835800290107727	0.5	0.693382740020752	0.5199999809265137
2	0.8240800499916077	0.5	0.6909323334693909	0.5199999809265137
3	0.8269667625427246	0.4399999976158142	0.6943128108978271	0.47999998927116394
4	0.7667860388755798	0.4699999988079071	0.7108523845672607	0.47999998927116394
5	0.7918205261230469	0.46000000834465027	0.715409517288208	0.47999998927116394
6	0.7516353130340576	0.5400000214576721	0.6790111064910889	0.47999998927116394
7	0.7702800035476685	0.5	0.636833667755127	0.9300000071525574
8	0.7151543498039246	0.6000000238418579	0.6043263077735901	0.8600000143051147
9	0.7527721524238586	0.5899999737739563	0.5798150897026062	0.7599999904632568
10	0.7145969867706299	0.5600000023841858	0.5378060936927795	0.75
11	0.6360257863998413	0.6600000262260437	0.4774687588214874	0.9100000262260437
12	0.5383056402206421	0.7400000095367432	0.4123173654079437	0.9300000071525574
13	0.5146697163581848	0.6800000071525574	0.35068923234939575	0.9300000071525574
14	0.36988145112991333	0.9100000262260437	0.28357815742492676	0.9300000071525574
15	0.29031527042388916	0.9300000071525574	0.2747019827365875	0.9200000166893005
16	0.25128400325775146	0.9399999976158142	0.2880656123161316	0.8799999952316284
17	0.2497955709695816	0.949999988079071	0.18726395070552826	0.9900000095367432
18	0.21864977478981018	0.9300000071525574	0.19969628751277924	0.9300000071525574
19	0.13747775554656982	0.9599999785423279	0.18829765915870667	0.9300000071525574
20	0.15597276389598846	0.9700000286102295	0.12179496139287949	0.9300000071525574
21	0.08114820718765259	0.9800000190734863	0.10794676840305328	0.9900000095367432
22	0.06726044416427612	0.9900000095367432	0.10046011954545975	0.9900000095367432
23	0.07256832718849182	0.9900000095367432	0.06395568698644638	0.9900000095367432
24	0.04381061717867851	1.0	0.045292120426893234	1.0
25	0.040437594056129456	0.9900000095367432	0.03862852603197098	1.0
26	0.036601386964321136	0.9900000095367432	0.030008401721715927	1.0
27	0.024843692779541016	1.0	0.01853076182305813	1.0
28	0.014629780314862728	1.0	0.012494349852204323	1.0
29	0.008285820484161377	1.0	0.010731530375778675	1.0
30	0.013604693114757538	1.0	0.010594483464956284	1.0
31	0.006276140920817852	1.0	0.010316758416593075	1.0
32	0.010474272072315216	1.0	0.007610237691551447	1.0
33	0.004181841388344765	1.0	0.005466698203235865	1.0
34	0.004105377942323685	1.0	0.004271254409104586	1.0
35	0.003275176975876093	1.0	0.003879752242937684	1.0
36	0.0024716095067560673	1.0	0.003784809960052371	1.0
37	0.002366189146414399	1.0	0.0029550809413194656	1.0
38	0.003506224136799574	1.0	0.0018557029543444514	1.0
39	0.0009026657789945602	1.0	0.0012854028027504683	1.0
40	0.0008859990048222244	1.0	0.0009757304796949029	1.0
41	0.0008828275022096932	1.0	0.0008091143681667745	1.0
42	0.0006290688179433346	1.0	0.0007011499837972224	1.0
43	0.00039228826062753797	1.0	0.0006196150789037347	1.0
44	0.0003122580819763243	1.0	0.0005541658028960228	1.0
45	0.0007791835232637823	1.0	0.0004924967652186751	1.0
46	0.0003206371620763093	1.0	0.000442011805716902	1.0
47	0.0001956649502972141	1.0	0.0004007654497399926	1.0
48	0.0002104057784890756	1.0	0.00036699080374091864	1.0
49	0.00028833496617153287	1.0	0.00033964141039177775	1.0
50	0.0002246301737613976	1.0	0.0003182977088727057	1.0
51	0.00018501686281524599	1.0	0.0003004182071890682	1.0
52	0.00030130616505630314	1.0	0.00028275870135985315	1.0
53	0.00021758950606454164	1.0	0.0002652641851454973	1.0
54	0.00022898636234458536	1.0	0.00024878967087715864	1.0
55	0.00016189417510759085	1.0	0.00023437636264134198	1.0
56	0.0001430534030077979	1.0	0.00022104819072410464	1.0
57	0.00011806711700046435	1.0	0.00020903621043544263	1.0
58	0.0001581452088430524	1.0	0.0001975850755115971	1.0
59	0.00016323078307323158	1.0	0.00018640093912836164	1.0
60	0.00023369054542854428	1.0	0.0001755887788021937	1.0
61	0.00015830715710762888	1.0	0.00016577901260461658	1.0
62	9.47160369833e-05	1.0	0.0001572371256770566	1.0
63	9.561054321238771e-05	1.0	0.00014982669381424785	1.0
64	9.335986396763474e-05	1.0	0.00014355113671626896	1.0
65	0.00012690825678873807	1.0	0.00013813358964398503	1.0
66	0.00011087869643233716	1.0	0.0001336359273409471	1.0
67	8.712548878975213e-05	1.0	0.00012975986464880407	1.0
68	7.719187124166638e-05	1.0	0.00012655554746743292	1.0
69	7.6708645792678e-05	1.0	0.00012367758608888835	1.0
70	8.686432556714863e-05	1.0	0.00012106815120205283	1.0
71	7.887143874540925e-05	1.0	0.00011869434092659503	1.0
72	8.950608025770634e-05	1.0	0.00011647625069599599	1.0
73	6.484772893600166e-05	1.0	0.00011429663572926074	1.0
74	0.00015739648370072246	1.0	0.0001121749373851344	1.0
75	7.62004783609882e-05	1.0	0.00011016711505362764	1.0
76	6.571222911588848e-05	1.0	0.00010847040539374575	1.0
77	7.60990078561008e-05	1.0	0.00010694201773731038	1.0
78	5.5344040447380394e-05	1.0	0.00010547917190706357	1.0
79	0.00013358856085687876	1.0	0.00010436577576911077	1.0
80	0.0001355998101644218	1.0	0.0001029614795697853	1.0
81	7.503510278183967e-05	1.0	0.00010167951404582709	1.0
82	8.146331674652174e-05	1.0	0.00010029233089881018	1.0
83	6.956933066248894e-05	1.0	9.895402035908774e-05	1.0
84	8.703110506758094e-05	1.0	9.792148921405897e-05	1.0
85	0.0001214259973494336	1.0	9.715713531477377e-05	1.0
86	6.205141107784584e-05	1.0	9.650736319599673e-05	1.0
87	5.7340002967976034e-05	1.0	9.600321936886758e-05	1.0
88	5.6860568292904645e-05	1.0	9.554500866215676e-05	1.0
89	4.285662362235598e-05	1.0	9.504368790658191e-05	1.0
90	6.230959843378514e-05	1.0	9.438882261747494e-05	1.0
91	6.956840661587194e-05	1.0	9.366284939460456e-05	1.0
92	4.122413520235568e-05	1.0	9.305748244514689e-05	1.0
93	7.07289291312918e-05	1.0	9.232427692040801e-05	1.0
94	6.364187720464543e-05	1.0	9.140711335930973e-05	1.0
95	6.553292041644454e-05	1.0	9.042902092915028e-05	1.0
96	7.982621900737286e-05	1.0	8.912487101042643e-05	1.0
97	0.0001143330882769078	1.0	8.839527436066419e-05	1.0
98	7.051573629723862e-05	1.0	8.729720138944685e-05	1.0
99	5.4144038585945964e-05	1.0	8.621167216915637e-05	1.0
